20
5
120.417000
31.373535
32.739418
19.791510
31.760052
13.580763
31.827843
15.269224
18.809307
34.586021
31.992214
10.155856
36.036190
46.007828
6.423896
21.875103
38.421482
43.539810
14.038332
46.798344
11.659330
0 0 0 0 0 0 0 0 0 0 0 0 0 0 0 0 0 187 0 0 0 0 0 0 0 0 0 0 0 0 0 0 0 0 0 0 0 0 0 0 0 0 0 135 0 0 0 107 0 0 0 0 0 0 0 0 0 0 135 0 0 0 135 0 0 0 0 68 0 0 0 0 0 0 0 0 0 0 197 0 0 0 0 0 0 0 0 0 0 0 0 0 0 0 0 0 0 0 0 0 0 0 0 0 0 0 0 0 68 0 146 0 0 0 0 125 0 0 0 0 0 0 0 0 0 0 0 0 0 37 0 0 0 0 0 0 0 0 0 0 0 0 107 68 0 0 0 0 0 0 0 0 0 0 0 0 0 0 40 0 0 0 0 0 0 68 0 0 0 0 98 0 0 0 0 0 0 0 0 0 0 0 0 0 0 0 37 0 0 0 0 45 0 0 0 0 0 0 0 0 0 0 0 0 0 146 0 0 98 0 0 0 25 0 0 80 0 0 0 0 0 0 0 0 0 0 0 0 0 45 0 0 0 0 0 0 0 0 0 0 0 0 0 0 0 0 0 0 0 0 25 0 0 0 0 0 0 0 0 0 0 0 0 0 0 0 0 0 0 0 0 0 0 0 0 0 0 0 0 0 0 0 0 0 0 0 0 0 0 0 0 0 0 0 0 161 0 0 0 0 0 0 0 0 0 125 0 0 0 0 80 0 0 0 161 0 0 0 0 0 0 0 0 0 0 0 0 0 0 0 0 0 0 0 0 0 0 0 0 0 187 0 0 0 0 0 0 0 0 0 0 0 0 0 0 0 0 0 0 0 0 0 135 197 0 0 0 40 0 0 0 0 0 0 0 0 0 0 0 0 0 0 0 0 0 0 0 0 0 0 0 0 0 0 0 0 0 0 0 0 