40
10
98.705803
6.064208
39.051830
24.423210
38.859978
29.003424
21.497099
14.040519
18.242239
26.215324
24.842295
36.347462
14.331416
32.572945
29.687092
10.502677
41.557404
10.712155
10.339777
10.336858
38.824322
7.636693
7.934222
5.260590
26.446882
26.347258
29.616825
16.565674
41.542206
15.941355
38.255875
13.833383
31.757938
9.300658
7.862666
8.395859
36.059261
13.130032
20.515104
19.974379
6.598475
0 0 0 0 0 0 0 0 0 0 0 0 0 0 0 0 0 138 0 0 0 0 0 0 182 0 0 0 0 0 0 0 0 0 0 0 0 0 0 0 0 0 0 0 0 0 68 0 0 0 0 0 0 0 0 0 0 0 0 0 0 62 0 0 0 177 0 0 0 0 0 0 0 0 0 0 0 0 0 0 0 0 0 0 0 0 0 0 0 0 0 0 0 0 0 0 0 0 0 0 0 0 0 0 0 0 0 171 0 0 0 0 0 7 0 0 0 0 0 0 0 0 0 0 0 0 0 0 33 0 0 0 0 0 0 0 0 0 0 0 0 0 0 0 0 0 0 0 0 0 0 0 0 60 187 156 7 0 0 0 0 0 0 0 0 0 0 0 0 0 0 0 81 0 192 0 0 0 144 0 0 0 0 0 0 0 159 0 126 0 0 141 176 0 0 0 0 0 0 0 0 0 0 0 0 0 0 54 0 0 0 191 0 0 0 0 0 0 0 157 0 0 0 0 0 0 0 0 0 50 0 0 0 0 0 0 0 89 0 0 0 68 0 0 0 0 0 0 0 0 0 0 0 0 0 0 0 0 0 0 0 182 0 0 0 0 0 0 0 0 0 0 0 0 0 0 0 0 0 0 0 0 0 0 0 54 0 0 0 63 0 116 0 0 0 0 145 0 0 13 0 0 0 0 0 0 0 0 0 185 0 0 0 0 0 0 0 141 0 0 0 0 0 33 0 0 0 0 0 0 0 0 0 0 0 0 0 0 0 0 0 0 0 0 0 0 0 0 0 0 0 0 0 174 0 0 191 0 0 0 0 0 0 0 0 0 0 63 0 0 0 0 0 0 0 0 175 0 0 0 105 0 0 0 0 0 0 0 0 118 0 0 0 0 0 0 27 0 0 0 0 0 0 0 0 0 0 0 0 0 0 0 0 0 0 0 0 0 0 0 7 0 0 43 0 0 0 0 0 0 0 0 0 0 0 0 0 0 192 0 0 0 0 0 0 191 0 116 0 0 0 0 0 0 0 0 0 0 0 150 0 0 0 0 0 0 0 0 0 110 0 0 0 0 0 0 0 127 0 0 0 0 0 0 81 0 0 0 0 0 0 0 0 0 134 0 0 0 0 0 0 0 0 0 0 0 178 0 0 0 137 0 162 0 0 0 0 0 0 0 0 0 0 0 0 0 0 0 0 0 0 0 0 0 0 0 0 0 87 0 0 0 0 0 0 0 0 0 0 0 0 69 0 0 0 0 0 0 0 0 0 0 0 0 192 0 0 0 0 0 0 0 134 0 0 0 0 0 115 0 0 0 0 0 0 0 186 0 74 0 0 107 195 0 0 0 0 0 0 0 0 0 0 0 0 0 0 0 0 0 0 0 0 0 0 0 0 0 0 0 0 0 0 0 0 0 0 0 0 0 0 0 0 0 0 0 0 0 0 0 0 0 0 0 0 0 0 145 0 175 0 0 0 0 0 0 0 0 0 0 52 0 0 0 0 0 0 0 0 164 0 0 0 0 0 0 0 0 0 0 138 0 0 0 0 0 0 0 0 0 0 0 0 0 0 0 0 0 0 0 0 0 0 0 186 0 0 0 0 0 0 0 0 0 0 0 0 0 0 0 0 0 0 0 144 0 0 0 0 0 0 0 0 87 115 0 0 0 0 0 0 0 0 0 0 0 44 0 172 0 0 199 89 0 0 0 0 0 0 0 0 0 0 0 0 157 0 13 0 0 0 150 0 0 0 0 0 0 0 0 0 0 0 0 0 0 0 0 0 59 0 0 0 0 0 0 0 0 0 0 0 0 0 0 0 0 0 0 0 105 7 0 0 0 0 0 52 0 0 0 0 0 0 0 0 0 0 0 0 0 0 0 0 0 0 0 0 0 58 0 0 62 0 0 0 0 182 0 0 0 0 0 0 0 0 0 0 0 0 0 0 0 0 0 0 0 0 0 0 0 0 0 0 0 0 0 0 0 0 0 0 0 0 0 0 0 0 0 0 0 0 0 0 0 0 0 0 0 0 0 0 0 0 0 0 0 0 0 0 0 0 0 0 0 0 0 0 0 0 0 0 0 0 0 0 0 0 0 0 0 43 0 0 0 0 0 0 0 0 0 0 0 0 0 0 0 0 0 0 0 0 0 0 0 0 0 0 0 0 0 182 0 0 0 0 0 0 0 0 0 0 0 0 0 0 0 0 186 0 0 0 0 0 0 0 0 0 0 0 0 0 0 0 0 0 0 0 0 0 0 0 177 0 0 0 0 0 0 0 0 0 0 0 0 0 0 0 0 0 0 0 0 0 0 0 0 0 0 0 0 0 0 0 0 0 0 0 0 0 0 0 0 0 0 159 0 0 0 0 0 0 0 178 0 186 0 0 0 44 0 0 0 0 0 0 0 0 0 0 0 64 30 196 0 0 0 0 0 0 0 0 0 171 0 0 0 0 0 0 0 0 0 0 0 0 0 0 0 0 0 0 0 0 0 0 0 0 0 0 0 57 0 0 0 0 51 0 0 0 0 0 0 0 0 126 0 0 0 0 0 0 0 0 0 74 0 0 0 172 0 0 0 0 0 0 0 0 0 0 0 0 181 29 0 0 0 0 0 0 0 0 0 0 0 0 50 0 185 0 118 0 110 0 0 0 0 164 0 0 59 0 0 0 0 0 0 0 0 0 0 0 0 0 0 0 0 0 79 0 0 0 0 0 0 0 0 0 0 0 0 0 0 137 0 0 0 0 0 0 0 0 0 0 0 0 0 64 57 0 0 0 0 50 0 0 0 0 0 0 0 0 0 0 0 141 0 0 0 0 0 0 0 0 69 107 0 0 0 199 0 0 0 0 0 0 0 30 0 181 0 0 0 77 0 0 0 0 0 0 0 0 0 0 0 176 0 0 0 0 0 0 0 162 0 195 0 0 0 89 0 0 0 0 0 0 0 196 0 29 0 50 77 0 0 0 0 0 0 0 0 0 0 7 60 0 0 0 0 174 0 0 0 0 0 0 0 0 0 0 0 0 0 0 0 0 0 0 0 0 0 0 0 0 0 0 81 136 0 0 0 0 0 0 187 0 0 0 0 0 0 0 0 0 0 0 0 0 0 0 0 0 0 0 0 0 0 0 0 0 0 0 0 0 0 0 111 0 0 0 0 0 0 0 156 0 0 0 0 0 0 0 0 0 0 0 0 0 0 0 0 0 0 0 0 0 0 0 51 0 0 0 0 0 81 111 0 0 0 0 0 0 0 0 7 0 0 0 0 191 27 0 0 0 0 0 0 0 0 0 0 0 0 0 0 0 0 0 0 0 0 0 0 0 136 0 0 0 0 0 0 0 0 0 0 0 89 0 141 0 0 0 127 0 0 0 0 0 0 0 0 0 0 0 0 0 0 0 0 0 79 0 0 0 0 0 0 0 0 0 0 0 0 0 0 0 0 0 0 0 0 192 0 0 0 0 0 0 0 0 0 58 0 0 0 0 0 0 0 0 0 0 0 0 0 0 0 0 0 0 0 0 0 0 0 0 0 0 0 0 0 0 0 0 0 0 0 0 0 0 0 0 0 0 0 0 0 0 0 0 0 0 0 0 0 0 0 0 0 0 0 